4
4
2
4
3
7
18
11
18
18
14
11
12
16
8
11
7
5
7
16
4
10
13
4
16
11
10
4
11
16
16
10
17
9
16
11
3
16
13
19
10
11
13
10
8
12
7
11
11
7
17
19
12
4
4
3
19
3
0
18
10
11
17
7
7
11
16
0
11
16
13
15
13
6
16
16
17
17
3
10
11
3
18
3
18
16
18
8
7
7
7
13
16
16
4
17
4
17
11
16
3
10
18
7
3
13
12
6
18
12
4
8
17
16
4
17
17
11
16
5
0
17
11
13
10
10
4
5
8
8
8
4
7
7
2
7
8
12
18
11
10
7
13
9
3
7
7
0
8
5
17
18
8
13
17
0
7
7
4
5
18
7
18
13
4
18
4
15
10
4
12
17
5
13
6
13
0
14
7
10
0
17
17
4
18
4
10
18
11
11
18
6
10
8
18
18
16
16
16
14
6
11
7
7
7
17
10
13
18
10
13
7
18
17
17
17
3
9
4
15
7
18
16
4
7
0
4
2
4
16
9
4
10
7
18
0
3
0
16
0
3
15
12
13
2
13
3
18
4
16
11
15
7
10
7
4
17
3
0
17
17
13
18
10
17
4
4
4
17
4
17
7
4
4
7
6
8
4
4
7
15
18
18
18
18
17
0
15
3
18
13
2
4
5
5
13
10
15
4
3
16
3
5
5
4
4
18
9
4
0
8
16
4
12
0
5
16
12
4
3
4
10
3
9
11
11
5
0
3
7
16
10
6
4
18
15
18
18
17
4
4
3
18
5
7
18
4
13
9
4
13
16
14
18
7
17
7
4
7
3
3
18
10
3
4
7
10
9
8
4
3
15
0
3
18
8
17
10
3
10
18
0
7
4
7
8
17
7
10
4
8
0
16
3
19
8
17
16
17
10
4
15
0
8
18
18
10
17
13
0
18
18
13
10
2
3
9
12
10
14
13
11
17
13
13
13
18
18
5
3
7
7
7
10
16
17
17
11
17
14
13
15
13
15
15
17
17
10
18
5
0
9
10
18
6
13
0
0
0
0
0
0
3
18
4
8
14
3
3
16
18
10
3
11
12
16
0
3
18
13
10
0
17
2
18
13
3
10
12
4
18
13
16
13
14
18
18
4
6
18
10
7
0
18
10
10
10
3
10
3
4
18
10
10
10
7
15
12
10
13
4
1
16
18
16
17
15
11
10
11
17
18
17
10
15
4
4
5
10
9
16
3
18
18
18
18
10
18
0
10
18
18
10
10
7
15
13
7
15
10
16
8
10
7
16
4
13
3
4
6
10
18
10
4
13
16
17
4
14
0
17
0
17
0
3
7
4
3
4
10
5
17
9
3
0
10
17
4
10
4