20
21
6
8
23
23
22
2
13
7
17
2
6
13
2
5
14
14
2
14
1
0
10
1
7
0
22
3
0
8
6
16
9
13
13
6
2
2
3
3
7
9
5
17
2
2
8
8
15
22
15
9
4
6
1
4
3
23
6
23
20
8
17
5
1
0
12
4
0
0
5
18
12
6
10
6
2
4
9
4
0
1
11
6
11
3
20
6
3
4
5
1
1
9
0
23
0
2
12
16
2
7
7
1
6
6
7
3
7
4
23
0
7
23
0
8
11
16
4
3
0
15
14
7
19
11
19
5
5
1
7
5
13
15
12
9
2
7
12
3
4
1
21
3
18
14
14
1
5
21
9
0
19
5
15
10
9
3
5
1
2
4
7
19
0
0
4
15
7
4
19
5
10
18
1
3
11
9
0
6
6
19
4
23
4
4
1
10
22
8
10
1
7
7
6
17
2
3
7
10
18
11
17
4
16
6
2
15
1
3
6
21
16
2
9
13
17
6
16
12
8
0
1
0
13
9
2
8
5
5
9
0
17
4
3
1
1
4
10
10
2
4
1
2
10
8
3
20
9
2
12
8
6
11
2
11
0
11
1
3
3
2
0
2
7
5
0
7
11
11
14
10
23
14
3
20
11
19
4
5
18
1
0
10
9
4
2
2
23
0
13
0
17
20
0
10
16
3
0
2
2
0
0
23
4
4
14
5
5
5
23
1
4
7
0
7
0
0
10
8
23
8
15
18
12
8
12
3
0
3
8
0
12
4
13
5
1
2
5
19
0
3
14
1
18